[0 25] [26 50]
[-1000 1000] [1001 10000]
[0 5000] [5001 10000]
[-1000 5000] [5001 10000]
[0 24]
[0 50]
[0 0.08]
[0 500000]
[0 0.1] [0 50] [0 0.08]
[1 3000000] [3000001 6000000] [1 150000]
[1 5000] [5001 10000] [-1000 10000]
[0 5000] [1 100000] [5001 10000] [100001 200000]
[-1000 5000] [1 75000] [75001 150000] [5001 10000]
[1 5000] [5001 10000] [-1000 10000]
[1 200000] [0 10000] [1 1000]
[-1000 10000] [-1000 4000] [4000 10000]
[0 100000] [1 150000] [0 300000] [300000 500000]
[0 10000] [-1000 5000] [5001 10000] [1 1000]
[0 0.1] [0 50] [0 0.08]
[0 0.1] [0 50] [0 0.08]
[1 3000000] [3000001 6000000] [1 150000]
[1 6000] [6001 10000] [-1000 10000]
[6001 10000] [1 6000] [-1000 10000]
[0 10000] [1 200000] [0 10000] [1 200000]
[-1000 10000] [1 150000] [1 150000] [-1000 10000]
[1 5000] [5001 10000] [-1000 10000]
[1 5000] [5001 10000] [-1000 10000]
[1 200000] [0 10000] [1 1000]
[1 200000] [0 10000] [1 1000]
[-1000 10000] [-1000 6000] [6000 10000]
[0 100000] [1 150000] [0 300000] [300000 500000]
[0 10000] [-1000 10000] [-1000 10000] [1 1000]