x[600 5000] [5001 10000] [-100 10000]
[80 100] [50000 100000] [8002 9000] [160000 180000]
[-1000 5000] [1 75000] [75001 150000] [5001 10000]
[1 5000] [5001 10000] [-1000 10000]
[19 200] [0 100] [0 100]
[-1000 -800] [-800 0] [4700 6000]
[60000 100000] [5000 10000]
[0 10000] [-1000 5000] [5001 10000] [1 1000]
[0.06 0.08] [10 50] [0.02 0.08]
[1 1500000] [5000001 6000000] [100000 500000]
[0.08 0.1] [10 50] [0.01 0.03]
[0.08 0.1] [10 50] [0.01 0.03]
[1500000 3000000] [3000001 5000000] [1 100000]
x[1 300] [9000 10000] [-1000 -100]
x[1 600] [9000 10000] [-1000 -100]
[0 80] [1 50000] [9000 10000] [180000 200000]
[-1000 10000] [1 150000] [1 150000] [-1000 10000]
[1 5000] [-1000 10000]
[1 5000] [-1000 10000]
[10 200] [0 2800] [0 140]
[160 170] [644 1654] [40 80]
[-1000 -900] [-1000 -800]
[0 60000] [-1000 5000]
[6000 10000] [-1000 -200] [150 900]
[0 50] [26 45]
[-1000 0] [-400 -100]
[0 5000] [5001 10000]
[-1000 5000] [5001 10000]
[0 24]
[0 6] [0 0.02]
[0 0.02]
[0 100000]