[0.03 0.06] [0 15] [0.06 0.08]
[1 3000000] [3000001 6000000] [1 150000]
[1 5000] [5001 10000] [-100 10000]
[0 5000] [1 100000] [5001 10000] [100001 200000]
[-1000 5000] [1 75000] [75001 150000] [5001 10000]
[1 5000] [5001 10000] [-1000 10000]
[1 200000] [0 10000] [1 1000]
[-1000 -800] [-1000 -800] [9700 10000]
[0 100000] [1 150000] [0 300000] [300000 500000]
[0 10000] [-1000 5000] [5001 10000] [1 1000]
[0.06 0.07] [16 24] [0.02 0.04]
[0.07 0.08] [25 50] [0.04 0.08]
[1 3000000] [3000001 6000000] [1 150000]
[1 6000] [6001 10000] [-1000 10000]
[6001 10000] [1 6000] [-1000 10000]
[0 10000] [1 200000] [0 10000] [1 200000]
[-1000 10000] [1 150000] [1 150000] [-1000 10000]
[1 5000] [5001 10000] [-1000 10000]
[1 5000] [5001 10000] [-1000 10000]
[1 200000] [0 10000] [1 1000]
[1 200000] [0 10000] [1 1000]
[-1000 -800] [-1000 -800] [9700 10000]
[0 100000] [1 150000] [0 300000] [300000 500000]
[6000 10000] [-1000 -200] [150 900]
[0 50] [26 45]
[-1000 0] [-400 -100]
[0 5000] [5001 10000]
[-1000 5000] [5001 10000]
[0 24]
[0 50]
[0.01 0.08]
[0 250000] [250000 500000]