supp [600 5000] [5001 10000] [-100 10000]
partsupp [80 100] [50000 100000] [8002 9000] [160000 180000]
cust [-1000 5000] [1 75000] [75001 150000] [5001 10000]
supp_nat [1 5000] [5001 10000] [-1000 10000]
lineitem_partsupp [1900 2000] [100 1000] [100 300]
nat_supp [-1000 -800] [-800 0] [4700 6000]
ord_cust [60000 100000] [5000 10000]
partsupp_supp[0 10000] [-1000 5000] [5001 10000] [1 1000]
lineitem [0.06 0.08] [10 50] [0.02 0.08]
ord [1 1500000] [5000001 6000000] [100000 500000]
lineitem [0.08 0.1] [10 20] [0.01 0.03]
lineitem [0.08 0.1] [10 25] [0.01 0.03]
ord [1500000 3000000] [3000001 5000000] [1 100000]
supp[1 300] [9000 10000] [-1000 -100]
supp[400 600] [10 18] [-1000 -100]
partsupp [0 80] [1 50000] [9000 10000] [180000 200000]
cust [-1000 0] [1 150000] [1 150000] [-1000 10000]
supp_nat [1 5000] [5001 10000] [-1000 10000]
supp_nat [1 5000] [5001 10000] [-1000 10000]
lineitem_partsupp [1 1000] [0 7800] [1 700]
lineitem_partsupp [165000 170000] [1644 2654] [540 680]
nat_supp [-1000 -900] [-1000 -800]
ord_cust [0 60000] [-1000 5000]
partsupp_supp [6000 10000] [-1000 -200] [150 900]
part [0 50] [26 45]
supp[-1000 0] [-400 -100]
partsupp [0 5000] [5001 10000]
cust [-1000 5000] [5001 10000]
nat [0 24]
lineitem [0 5] [0.03 0.05]
lineitem [0 0.02]
ord [0 100000]